Start: -1 1 0 
Result: 0.103855 -0.010786 4.31438 
----
Start: 2 4 0 
Result: 0.103855 -0.010786 4.31438 
----
Start: 0.5 0 0 
Result: 0.103855 -0.010786 4.31438 
----
Start: 0 0 0 
Result: 0.103855 -0.010786 4.31438 
----
